10,171
10,249
10,107
10,273
10,7
10,311
10,183
10,173
11,23
11,11
11,9
11,13
11,29
91,6
91,5
91,4
91,3
8,15
91,2
91,1
91,0
85,4
85,3
85,2
85,1
85,0
12,2
12,1
12,3
11,28
11,27
11,26
11,21
11,20
11,19
11,18
11,14
11,7
11,6
11,5
11,4
11,3
11,2
11,1
10,307
10,266
10,252
20,2
20,1
20,3
19,2
19,1
19,3
10,244
10,240
10,215
10,210
10,205
10,199
10,192
10,169
10,152
10,142
10,133
10,116
10,105
10,81
10,72
10,64
10,34
18,1
18,3
14,1
14,3
13,1
10,30
13,3
10,24
10,14
10,3
10,2
10,1
9,7
9,6
9,5
9,4
9,3
9,2
9,1
8,18
8,17
8,16
8,14
8,13
8,12
8,10
8,9
8,8
8,7
8,6
8,5
8,3
8,2
8,1
3,3
3,2
3,1
2,3
2,2
2,1
0,472
0,278
